wave flux error contam trace etrace sensitivity
10233.78 -0.0747965 0.0573884 0.0220976 -0.0090549 0.0098075 0.0188640
10257.27 -0.1671694 0.0573380 0.0223466 -0.0161019 0.0094141 0.0220241
10280.77 -0.0961833 0.0580014 0.0224496 -0.0006929 0.0098445 0.0257447
10304.27 -0.0891099 0.0583259 0.0228262 -0.0077662 0.0094749 0.0295616
10327.78 -0.1027835 0.0588405 0.0225516 -0.0016741 0.0098714 0.0333805
10351.28 -0.0568885 0.0583178 0.0228783 0.0002609 0.0096342 0.0370500
10374.78 -0.1291690 0.0645574 0.0243327 0.0000000 0.0000000 0.0405716
10398.29 -0.2004736 0.0569435 0.0235344 -0.0173011 0.0093701 0.0446151
10421.80 -0.1474981 0.0571987 0.0238413 -0.0162235 0.0096951 0.0493540
10445.31 -0.0827638 0.0607336 0.0257535 -0.0100354 0.0094182 0.0564870
10468.82 -0.0226031 0.0661568 0.0235806 0.0026940 0.0099203 0.0661655
10492.33 -0.1127619 0.0568564 0.0253508 -0.0087360 0.0094128 0.0785976
10515.85 -0.1133939 0.0595016 0.0270135 0.0148551 0.0100821 0.0936824
10539.36 0.0196851 0.0633410 0.0258774 0.0000000 0.0000000 0.1098659
10562.88 -0.0959916 0.0570347 0.0286184 -0.0024638 0.0098196 0.1270344
10586.40 -0.0201060 0.0601070 0.0303796 0.0000000 0.0000000 0.1441516
10609.92 -0.2263722 0.0595487 0.0308692 -0.0080369 0.0098430 0.1613610
10633.44 -0.0590283 0.0568476 0.0336859 0.0015697 0.0096215 0.1799439
10656.97 -0.0348068 0.0568077 0.0350481 0.0053267 0.0098980 0.2005137
10680.49 -0.0838233 0.0574968 0.0364637 -0.0038532 0.0095743 0.2291039
10704.02 0.0009927 0.0569019 0.0372412 0.0008046 0.0098813 0.2660792
10727.55 -0.1847919 0.0598997 0.0383759 0.0000000 0.0000000 0.3178436
10751.08 -0.1107399 0.0566132 0.0389938 -0.0050526 0.0097644 0.3836133
10774.61 -0.0567313 0.0592276 0.0419148 0.0095726 0.0096625 0.4623333
10798.14 0.0543882 0.0584412 0.0399220 -0.0044722 0.0097585 0.5526195
10821.67 0.0201575 0.0567746 0.0413706 0.0082985 0.0094690 0.6448077
10845.21 -0.0479034 0.0577711 0.0415546 0.0064243 0.0099267 0.7386623
10868.75 -0.0249315 0.0569575 0.0435764 0.0022989 0.0094423 0.8244467
10892.29 0.0656290 0.0578684 0.0445310 0.0140539 0.0100458 0.9040101
10915.83 -0.0482085 0.0581947 0.0453434 -0.0070054 0.0095254 0.9781606
10939.37 -0.0797931 0.0599924 0.0462615 -0.0026738 0.0098306 1.0487913
10962.92 -0.0403140 0.0579450 0.0489645 0.0046332 0.0095788 1.1255399
10986.46 0.0703064 0.0622888 0.0512467 -0.0138206 0.0097460 1.2072021
11010.01 -0.0341288 0.0587288 0.0535269 -0.0049968 0.0094871 1.2973129
11033.56 0.1380618 0.0597662 0.0570811 0.0072093 0.0099771 1.3931806
11057.11 0.0230918 0.0600262 0.0608816 0.0182254 0.0097852 1.4873762
11080.66 0.0335295 0.0616257 0.0643606 0.0130862 0.0100138 1.5787516
11104.21 0.0127666 0.0614459 0.0683223 0.0084132 0.0097159 1.6561845
11127.77 0.1197659 0.0631114 0.0730346 0.0178363 0.0100305 1.7219697
11151.32 -0.0188705 0.0643085 0.0785471 -0.0039827 0.0095305 1.7735599
11174.88 0.0383470 0.0674991 0.0856694 0.0162733 0.0100697 1.8131287
11198.44 0.0591526 0.0698163 0.0937005 0.0058584 0.0096609 1.8448101
11222.00 0.0561383 0.0696704 0.1017709 -0.0106880 0.0097143 1.8691808
11245.57 0.0528167 0.0715467 0.1088201 0.0093095 0.0097205 1.8913645
11269.13 0.0497176 0.0723835 0.1156627 0.0190862 0.0101173 1.9108015
11292.70 0.0691120 0.0711669 0.1229415 0.0053939 0.0096330 1.9304042
11316.26 0.1206966 0.0716549 0.1298406 0.0164755 0.0100103 1.9498362
11339.83 0.0975296 0.0706569 0.1370423 0.0162971 0.0097378 1.9707273
11363.40 0.1548289 0.0723887 0.1447439 -0.0042840 0.0098285 1.9918893
11386.97 0.1084710 0.0683753 0.1498749 0.0090169 0.0096556 2.0121048
11410.55 0.1895219 0.0676608 0.1580626 0.0147892 0.0098984 2.0311626
11434.12 0.1833301 0.0672354 0.1677783 0.0192251 0.0098598 2.0478268
11457.70 0.3130363 0.0689753 0.1816448 0.0098638 0.0099554 2.0619105
11481.28 0.2117299 0.0702182 0.2000160 0.0090738 0.0096776 2.0722720
11504.86 0.2414534 0.0679548 0.2138960 0.0251697 0.0100812 2.0803198
11528.44 0.2448898 0.0669769 0.2285363 0.0072522 0.0096563 2.0874444
11552.02 0.2504884 0.0658582 0.2420022 0.0234247 0.0101750 2.0949151
11575.61 0.2533845 0.0642151 0.2585502 0.0108714 0.0097102 2.1051808
11599.19 0.3036232 0.0638123 0.2772523 0.0073196 0.0099761 2.1182950
11622.78 0.3200524 0.0627032 0.2998191 0.0268868 0.0098613 2.1355886
11646.37 0.3535752 0.0624217 0.3250607 0.0010637 0.0098742 2.1561548
11669.96 0.3669110 0.0615933 0.3495261 0.0151028 0.0097525 2.1797167
11693.55 0.4994708 0.0614480 0.3800244 0.0142302 0.0099872 2.2056010
11717.15 0.4751371 0.0613381 0.4131100 0.0172698 0.0097851 2.2331118
11740.74 0.5400427 0.0615489 0.4550824 0.0128311 0.0100524 2.2610806
11764.34 0.5614416 0.0614838 0.4964226 0.0194699 0.0097463 2.2883834
11787.94 0.4708508 0.0608964 0.5426924 0.0412911 0.0102813 2.3149688
11811.54 0.6051420 0.0603801 0.5929814 0.0322742 0.0099347 2.3404160
11835.14 0.6005654 0.0606999 0.6473065 0.0410638 0.0102795 2.3639707
11858.74 0.9090192 0.0603080 0.6953772 0.0323631 0.0099508 2.3851134
11882.35 0.8222165 0.0597187 0.7744510 0.0650897 0.0106312 2.4047167
11905.95 0.9527572 0.0603076 0.8541150 0.0384492 0.0100230 2.4230443
11929.56 1.1266820 0.0610624 0.9329246 0.0611562 0.0105514 2.4408770
11953.17 1.1915751 0.0632863 1.0298918 0.0579467 0.0102473 2.4585881
11976.78 1.2419426 0.0623510 1.0971578 0.0570570 0.0104739 2.4768598
12000.40 1.3897980 0.0652988 1.1985932 0.0711804 0.0103685 2.4959489
12024.01 1.4024600 0.0637309 1.2750118 0.0691684 0.0105835 2.5148918
12047.63 1.4858139 0.0647457 1.3669394 0.0733149 0.0103996 2.5334658
12071.24 1.6924271 0.0654048 1.4591638 0.0797106 0.0106085 2.5506590
12094.86 1.7295794 0.0658610 1.5469271 0.0842344 0.0105046 2.5662976
12118.48 1.6217788 0.0663378 1.6406403 0.0816100 0.0106955 2.5813500
12142.10 1.8546943 0.0663326 1.7109594 0.0919224 0.0105433 2.5960054
12165.73 1.8781705 0.0701768 1.7553123 0.1088192 0.0110330 2.6117392
12189.35 2.1347298 0.0677202 1.8727911 0.1020140 0.0106924 2.6286393
12212.98 2.0430466 0.0674637 1.9327741 0.0959217 0.0111071 2.6459353
12236.61 2.1538157 0.0686683 1.9640084 0.0781751 0.0112212 2.6634850
12260.24 2.3496855 0.0682182 2.0586870 0.0986380 0.0111334 2.6798578
12283.87 2.3285863 0.0683786 2.1145471 0.0979377 0.0114475 2.6950842
12307.50 2.3654537 0.0687757 2.1714686 0.0835470 0.0109143 2.7095218
12331.14 2.4545555 0.0696219 2.2057378 0.0978238 0.0114769 2.7233266
12354.77 2.2655787 0.0691734 2.2528293 0.0863962 0.0110285 2.7379344
12378.41 2.6038841 0.0700365 2.2797792 0.1156195 0.0116496 2.7530586
12402.05 2.4750798 0.0699294 2.3183453 0.1043990 0.0110336 2.7672995
12425.69 2.5518796 0.0711244 2.3633146 0.0822746 0.0112334 2.7807720
12449.33 2.5577298 0.0700868 2.3871261 0.1085166 0.0111188 2.7933654
12472.98 2.6783503 0.0715490 2.4553330 0.1003997 0.0114655 2.8050746
12496.62 2.6602914 0.0708160 2.4603166 0.1065534 0.0111338 2.8156847
12520.27 2.6507791 0.0714011 2.5048163 0.1027092 0.0114870 2.8255827
12543.92 2.7424247 0.0710222 2.5263728 0.1017302 0.0109963 2.8365754
12567.57 2.7318782 0.0715116 2.5429879 0.1192826 0.0116264 2.8475906
12591.22 2.6230209 0.0739217 2.4336355 0.1131238 0.0113378 2.8553531
12614.87 2.7800614 0.0712597 2.5579417 0.1339027 0.0117863 2.8612922
12638.53 2.5168239 0.0727086 2.4485302 0.1072917 0.0111349 2.8682945
12662.18 2.9015165 0.0709603 2.5906493 0.1388918 0.0118825 2.8763551
12685.84 2.7323347 0.0703183 2.6161296 0.1238629 0.0115249 2.8878757
12709.50 2.8589800 0.0731818 2.6282710 0.0000000 0.0000000 2.9031178
12733.16 2.8687882 0.0703866 2.6540019 0.1127152 0.0112569 2.9250744
12756.82 2.8807471 0.0701461 2.6674819 0.1363030 0.0119404 2.9504338
12780.49 2.8870080 0.0699808 2.6875442 0.1135834 0.0112613 2.9727117
12804.15 2.9409694 0.0701906 2.6897462 0.1291893 0.0117825 2.9926819
12827.82 2.9301178 0.0700414 2.7054314 0.1108518 0.0111379 3.0072035
12851.49 3.0512921 0.0703632 2.7298287 0.1332441 0.0117542 3.0179204
12875.16 2.8643603 0.0703008 2.7612983 0.1110986 0.0112218 3.0258431
12898.83 3.0140202 0.0704636 2.7615574 0.1241753 0.0118356 3.0335161
12922.51 3.0585924 0.0701518 2.7945884 0.1205651 0.0112627 3.0461789
12946.18 3.0452012 0.0711604 2.8354550 0.1354943 0.0118076 3.0625739
12969.86 2.9640857 0.0698754 2.8527586 0.1177952 0.0111285 3.0840016
12993.54 3.3422539 0.0753872 2.9534365 0.1516036 0.0120830 3.1069462
13017.22 3.1642056 0.0702669 2.9016376 0.1368419 0.0112773 3.1275030
13040.90 3.2324018 0.0717481 2.9489270 0.1531559 0.0119496 3.1460982
13064.58 3.2697491 0.0713481 2.9510257 0.1462652 0.0114019 3.1612639
13088.26 3.2150805 0.0716531 2.9704314 0.1755261 0.0122847 3.1750406
13111.95 3.1262464 0.0712405 2.9888597 0.1241105 0.0112325 3.1886734
13135.64 3.2961472 0.0716750 3.0018732 0.1604056 0.0120390 3.2032365
13159.33 3.1863888 0.0714822 3.0235733 0.1370335 0.0113785 3.2200249
13183.02 3.3796198 0.0718732 3.0561636 0.1668908 0.0122039 3.2384898
13206.71 3.3118425 0.0716687 3.0730621 0.1653454 0.0115925 3.2586887
13230.40 3.3995040 0.0715602 3.1239956 0.1555020 0.0119596 3.2777842
13254.10 3.4343014 0.0723135 3.1774582 0.1602201 0.0115307 3.2943282
13277.80 3.4208737 0.0720214 3.1981247 0.1812737 0.0122550 3.3074599
13301.49 3.4725164 0.0723101 3.2327298 0.1796270 0.0117823 3.3165232
13325.19 3.5250066 0.0718283 3.2455581 0.1742902 0.0121114 3.3240924
13348.90 3.5395479 0.0722553 3.2807228 0.1460785 0.0116162 3.3309437
13372.60 3.5083086 0.0720297 3.2993524 0.1898400 0.0122282 3.3400324
13396.30 3.6055243 0.0717173 3.3172812 0.1616558 0.0116042 3.3522053
13420.01 3.6919229 0.0729288 3.3047781 0.1963511 0.0123597 3.3672363
13443.72 3.6991409 0.0720323 3.3604052 0.1534350 0.0115141 3.3850657
13467.43 3.6798362 0.0736103 3.4584527 0.1926944 0.0122217 3.4028468
13491.14 3.5539969 0.0720453 3.3786474 0.1550086 0.0115671 3.4200626
13514.85 3.5793740 0.0721315 3.3968251 0.1850189 0.0122588 3.4337371
13538.56 3.6976344 0.0722807 3.3987898 0.1795760 0.0118088 3.4436940
13562.28 3.7555984 0.0719526 3.4138511 0.1763277 0.0121357 3.4502607
13586.00 3.6970583 0.0719616 3.4540899 0.1525703 0.0115081 3.4536522
13609.72 3.7955966 0.0718139 3.4422237 0.1767798 0.0121467 3.4560388
13633.44 3.7073549 0.0728253 3.3833082 0.1695652 0.0116235 3.4573935
13657.16 3.7128952 0.0715040 3.4697934 0.1727361 0.0121328 3.4582061
13680.88 3.8162137 0.0722161 3.4735662 0.1852695 0.0118390 3.4584063
13704.61 3.7339067 0.0714738 3.4824540 0.2085107 0.0124576 3.4579335
13728.33 3.7725122 0.0724406 3.5065208 0.1830996 0.0118144 3.4567760
13752.06 3.8166218 0.0716209 3.5198717 0.2028676 0.0123640 3.4548732
13775.79 3.8225994 0.0726170 3.4997763 0.1769610 0.0117471 3.4525495
13799.52 3.8422084 0.0719690 3.4924757 0.2119059 0.0124504 3.4514353
13823.25 3.7627255 0.0719266 3.5002316 0.1891474 0.0118956 3.4515234
13846.99 3.8140788 0.0724011 3.4972041 0.2020670 0.0124096 3.4541965
13870.73 3.7044175 0.0716563 3.4966814 0.1878319 0.0118089 3.4590351
13894.46 3.9695572 0.0730330 3.5452557 0.2048305 0.0124651 3.4657392
13918.20 3.7919990 0.0729964 3.5470395 0.2017016 0.0118975 3.4740119
13941.94 3.8350674 0.0719131 3.4924111 0.2204830 0.0125325 3.4826890
13965.68 3.7698489 0.0717110 3.4866291 0.1717965 0.0117321 3.4925898
13989.43 3.8231111 0.0716300 3.5007151 0.2140391 0.0124433 3.5050516
14013.17 3.8251253 0.0720488 3.5000053 0.1914743 0.0118587 3.5198656
14036.92 4.0845823 0.0748653 3.5959146 0.2050737 0.0123844 3.5375263
14060.67 3.7674325 0.0733471 3.3778579 0.1965863 0.0119049 3.5568774
14084.42 3.8925947 0.0722391 3.5011960 0.1963291 0.0122744 3.5759435
14108.17 3.8687833 0.0724039 3.5078965 0.2005100 0.0119759 3.5934855
14131.92 4.0647031 0.0732414 3.5008704 0.2224185 0.0125094 3.6061073
14155.68 3.7408617 0.0726559 3.5404467 0.1765185 0.0117454 3.6152840
14179.43 3.7797645 0.0722674 3.5685907 0.2043113 0.0123544 3.6211412
14203.19 4.0464109 0.0777594 3.7144812 0.1938002 0.0119501 3.6266032
14226.95 3.9969679 0.0729325 3.6061804 0.2112100 0.0123964 3.6351560
14250.71 4.0393076 0.0738911 3.6213419 0.2101589 0.0120799 3.6467300
14274.47 4.0845721 0.0740901 3.6573069 0.2355651 0.0126615 3.6627839
14298.24 3.9078941 0.0736770 3.6836450 0.2043312 0.0119896 3.6801748
14322.00 4.1949184 0.0755306 3.7483785 0.2094444 0.0123850 3.6970566
14345.77 4.0111275 0.0735560 3.7125470 0.1970228 0.0118700 3.7115302
14369.54 4.1211805 0.0740947 3.7255050 0.2169984 0.0125047 3.7218713
14393.31 4.0630501 0.0734760 3.7742167 0.2102693 0.0119197 3.7287725
14417.08 4.1688132 0.0765204 3.8185596 0.2189153 0.0124896 3.7321342
14440.85 4.0676948 0.0732451 3.7971437 0.2359905 0.0122537 3.7339955
14464.63 4.2744687 0.0749349 3.9626506 0.2251623 0.0126033 3.7350962
14488.41 4.2137347 0.0732963 3.8468651 0.1730146 0.0116287 3.7363963
14512.18 4.3392098 0.0730449 3.9214151 0.1866258 0.0114091 3.7382667
14535.96 4.2374186 0.0747689 3.9625287 0.1787000 0.0116590 3.7401285
14559.74 4.3530774 0.0725019 3.9463146 0.1758775 0.0113129 3.7419274
14583.53 4.2662610 0.0730024 3.9190007 0.1713672 0.0116430 3.7435090
14607.31 4.3931524 0.0728148 3.9366557 0.1869264 0.0111444 3.7448089
14631.10 4.3262025 0.0735568 3.9359957 0.1835971 0.0117294 3.7452409
14654.88 4.4038361 0.0738221 4.0037729 0.1647309 0.0108000 3.7447912
14678.67 4.2301631 0.0761188 3.8817487 0.1740652 0.0116137 3.7436555
14702.46 4.4387805 0.0738668 3.9865499 0.1797895 0.0113073 3.7418447
14726.26 4.3441249 0.0739154 3.9761767 0.1844624 0.0117334 3.7394656
14750.05 4.3809621 0.0740380 3.9595781 0.1979869 0.0114930 3.7367379
14773.85 4.3285015 0.0742527 3.9640375 0.1822176 0.0117711 3.7353719
14797.64 4.4156936 0.0744909 4.0006231 0.2158478 0.0115409 3.7353443
14821.44 4.3671957 0.0752342 3.8906186 0.1854215 0.0116526 3.7376731
14845.24 4.4402523 0.0746471 3.9369361 0.1973115 0.0115683 3.7424499
14869.04 4.2311135 0.0750617 3.9527238 0.1794634 0.0117004 3.7510871
14892.84 4.4260446 0.0805685 4.0027253 0.0000000 0.0000000 3.7631703
14916.65 4.2138030 0.0740296 3.9100681 0.1901537 0.0117692 3.7781490
14940.46 4.3531751 0.0746090 3.9770065 0.1839821 0.0114781 3.7952736
14964.26 4.1514168 0.0765387 3.7870606 0.2026133 0.0119214 3.8113878
14988.07 4.3069430 0.0732477 3.9458195 0.1995062 0.0115221 3.8263222
15011.88 4.2854950 0.0731589 3.9614341 0.1981982 0.0118961 3.8369293
15035.70 4.4346124 0.0728767 3.9418264 0.2062580 0.0116131 3.8441117
15059.51 4.4953739 0.0742388 3.9472883 0.2047152 0.0119479 3.8476631
15083.32 4.3746990 0.0733104 3.9830655 0.2164416 0.0115683 3.8487460
15107.14 4.3282511 0.0766895 3.8617606 0.2107331 0.0119714 3.8496540
15130.96 4.3730721 0.0735231 3.9829343 0.1849302 0.0112416 3.8511194
15154.78 4.3187719 0.0734840 3.9370684 0.1944491 0.0118121 3.8559466
15178.60 4.3958446 0.0733298 3.9498048 0.1903866 0.0113267 3.8625109
15202.43 4.2915538 0.0735721 3.9585707 0.1983354 0.0119032 3.8700869
15226.25 4.3744840 0.0733907 3.9567295 0.1997954 0.0115190 3.8777094
15250.08 4.3749614 0.0760903 4.0679479 0.1912626 0.0117740 3.8838958
15273.90 4.4610725 0.0736245 3.9533039 0.2030656 0.0115600 3.8883016
15297.73 4.3992261 0.0769605 3.9734647 0.0000000 0.0000000 3.8899833
15321.56 4.3847454 0.0736431 3.9708361 0.1814549 0.0113578 3.8899672
15345.40 4.3915836 0.0744371 3.9989544 0.2082376 0.0119981 3.8886533
15369.23 4.5307311 0.0760518 4.0638624 0.2134435 0.0117204 3.8864294
15393.07 4.3892079 0.0744645 3.9539586 0.1932345 0.0118280 3.8836235
15416.90 4.1449142 0.0760083 3.7977904 0.1820684 0.0113388 3.8800559
15440.74 4.4808886 0.0745710 3.9896568 0.2020294 0.0118828 3.8757532
15464.58 4.2968411 0.0743531 3.9798717 0.2135845 0.0115910 3.8714628
15488.43 4.4554937 0.0747432 4.0025594 0.1994126 0.0119182 3.8674464
15512.27 4.3926547 0.0748282 4.0045090 0.2079556 0.0116584 3.8645654
15536.11 4.0220496 0.0767340 3.7959862 0.1784267 0.0116898 3.8629964
15559.96 4.4917627 0.0750208 4.0340593 0.2086033 0.0115963 3.8620252
15583.81 4.4412064 0.0751784 4.0337654 0.2125118 0.0120297 3.8615513
15607.66 4.4375265 0.0746223 4.0384476 0.2119701 0.0116947 3.8610334
15631.51 4.3877602 0.0752839 4.0342655 0.2078261 0.0119246 3.8606212
15655.36 4.4615411 0.0750195 4.0275033 0.2245035 0.0118072 3.8623144
15679.22 4.3690039 0.0748818 4.0448157 0.2292626 0.0121459 3.8662193
15703.07 4.4906917 0.0780887 4.0038416 0.0000000 0.0000000 3.8734761
15726.93 4.3679829 0.0747904 4.0793879 0.2085745 0.0118274 3.8836174
15750.79 4.3496681 0.0738005 3.9851266 0.2205505 0.0117781 3.8940255
15774.65 4.3326189 0.0735893 3.9983139 0.2080848 0.0118403 3.9045415
15798.51 4.3575447 0.0732180 3.9720465 0.2141691 0.0116711 3.9125086
15822.38 4.3234335 0.0730705 3.9715985 0.2079664 0.0119087 3.9181053
15846.24 4.3470521 0.0732097 3.9402033 0.2036467 0.0115280 3.9198751
15870.11 4.4812852 0.0739231 3.9671394 0.2129308 0.0119212 3.9184276
15893.98 4.2244718 0.0791501 3.8219338 0.2119738 0.0116587 3.9147698
15917.85 4.3372548 0.0734282 3.9518758 0.2151607 0.0119577 3.9092159
15941.72 4.4892428 0.0746720 4.1333670 0.2192226 0.0118186 3.9035234
15965.59 4.3864908 0.0742007 4.0047961 0.2294262 0.0121136 3.8974997
15989.47 4.4510954 0.0750517 4.0743722 0.2201012 0.0117387 3.8920234
16013.34 4.3362244 0.0739175 4.0162880 0.2286697 0.0121656 3.8874164
16037.22 4.4160333 0.0748954 4.1316780 0.2201657 0.0116709 3.8850420
16061.10 4.6800320 0.0773113 4.1343145 0.2334042 0.0121744 3.8841466
16084.98 4.4827174 0.0745651 4.1009612 0.2186616 0.0117078 3.8842894
16108.87 4.3458008 0.0757897 4.0488405 0.2266435 0.0122125 3.8838896
16132.75 4.4957445 0.0748622 4.1378015 0.2231310 0.0117390 3.8805032
16156.63 4.3298562 0.0743952 4.1038049 0.2012205 0.0119943 3.8743520
16180.52 4.5493601 0.0758301 4.1821311 0.2377297 0.0118896 3.8645217
16204.41 4.4984917 0.0744424 4.1218467 0.2264497 0.0121514 3.8517865
16228.30 4.4946402 0.0743340 4.1354509 0.2414714 0.0119284 3.8364408
16252.19 4.4292258 0.0739015 4.1349208 0.2276492 0.0120963 3.8205591
16276.09 4.6866385 0.0746118 4.1231809 0.2610378 0.0120944 3.8055432
16299.98 4.4732115 0.0742517 4.1180731 0.2309914 0.0122155 3.7920722
16323.88 4.4979318 0.0749206 4.1170108 0.2436186 0.0119713 3.7808088
16347.78 4.3363120 0.0748298 4.0666563 0.2353778 0.0121916 3.7709056
16371.68 4.5724094 0.0757478 4.1772464 0.2360398 0.0118767 3.7622125
16395.58 4.3577291 0.0740983 4.1161120 0.2254083 0.0121212 3.7544628
16419.48 4.5057765 0.0743017 4.1221799 0.2371896 0.0119558 3.7476013
16443.38 4.4785429 0.0735227 4.0615429 0.2428638 0.0123140 3.7421944
16467.29 4.4359955 0.0732637 4.0747037 0.2540978 0.0120497 3.7377527
16491.20 4.4130363 0.0733144 4.0564067 0.2258273 0.0120898 3.7264449
16515.11 4.4320016 0.0732142 4.0827125 0.2399849 0.0118798 3.7068688
16539.02 4.4667150 0.0746707 4.0864122 0.2280845 0.0120725 3.6683822
16562.93 4.4608942 0.0742641 4.1173625 0.2462977 0.0119052 3.6099519
16586.84 4.2498851 0.0774918 4.0576424 0.0000000 0.0000000 3.5212408
16610.76 4.4344205 0.0745436 4.1338251 0.2295792 0.0118132 3.4030891
16634.68 4.4970541 0.0751089 4.1302201 0.2289399 0.0122018 3.2549994
16658.59 4.6153518 0.0760457 4.1600715 0.2456181 0.0120070 3.0783202
16682.51 4.4334857 0.0759639 4.1647761 0.2198593 0.0121088 2.8791088
16706.44 4.4055722 0.0766336 4.2211170 0.2474989 0.0120157 2.6588413
16730.36 4.5173600 0.0787859 4.3073646 0.2276596 0.0121209 2.4286869
16754.28 4.3553144 0.0779110 4.2629421 0.2240844 0.0117601 2.1895087
16778.21 4.4179480 0.0789941 4.2689087 0.2375713 0.0121952 1.9537263
16802.14 4.5652874 0.0797810 4.2922528 0.2106025 0.0125139 1.7229092
16826.07 4.4024097 0.0802362 4.3037016 0.1858578 0.0117644 1.5116660
16850.00 4.3721580 0.0803250 4.2997970 0.2242594 0.0126375 1.3191852
16873.93 4.3714210 0.0813939 4.3121776 0.1824302 0.0116827 1.1544779
16897.86 4.4475959 0.0809225 4.2990132 0.2069490 0.0124154 1.0140197
16921.80 4.3370273 0.0824387 4.2800324 0.1821567 0.0117645 0.8974074
16945.74 4.6686382 0.0813338 4.2283980 0.1979455 0.0124093 0.7996153
16969.68 4.3373341 0.0817038 4.2490866 0.1968232 0.0119632 0.7132674
16993.62 4.4172294 0.0810247 4.2452612 0.1953143 0.0122835 0.6379411
17017.56 4.1082587 0.0819236 4.2686068 0.1721311 0.0117321 0.5696880
17041.50 4.3322309 0.0813939 4.2738030 0.1949938 0.0123183 0.5088731
17065.45 4.3093007 0.0810877 4.2466287 0.1891525 0.0118876 0.4542728
17089.39 4.2307075 0.0805435 4.2386153 0.1872351 0.0122119 0.4067222
17113.34 4.4637773 0.0812007 4.2135739 0.3341308 0.0130538 0.3662918
17137.29 4.4780304 0.0808303 4.2447773 0.2034730 0.0124457 0.3293327
17161.24 4.1819523 0.0812033 4.1953774 0.2192889 0.0119493 0.2942449
17185.19 4.1124103 0.0799543 4.1925936 0.2014826 0.0123874 0.2600221
17209.15 4.3128070 0.0816061 4.2741683 0.1898483 0.0118911 0.2261818
17233.10 4.2487173 0.0799245 4.2307797 0.1969462 0.0123640 0.1958292
17257.06 4.2603550 0.0806800 4.3064611 0.1908229 0.0118804 0.1695011
17281.02 4.3256019 0.0804189 4.2793418 0.2152159 0.0124749 0.1477261
17304.98 4.2358651 0.0809515 4.2908255 0.1900796 0.0118906 0.1304567
17328.94 4.4593206 0.0825565 4.2816253 0.2132155 0.0124151 0.1158673
17352.91 4.1162354 0.0807013 4.2423744 0.1871503 0.0118318 0.1038547
17376.87 4.1632423 0.0816440 4.2535115 0.2028780 0.0123019 0.0937163
17400.84 4.0389291 0.0807630 4.1255996 0.2046822 0.0119892 0.0852398
17424.81 4.1808214 0.0816575 4.0952183 0.2163648 0.0125389 0.0765408
17448.78 4.1205529 0.0808056 3.9915357 0.1987949 0.0119977 0.0681612
17472.75 3.9846445 0.0808087 3.9833893 0.2293391 0.0125986 0.0618771
17496.72 3.8544923 0.0805421 3.9030374 0.1961029 0.0118824 0.0569498
17520.70 3.8256899 0.0829694 3.8359173 0.1881723 0.0121213 0.0512866
17544.67 3.8532000 0.0813156 3.8385461 0.1690982 0.0116883 0.0451066
17568.65 3.8689933 0.0818339 3.7589992 0.1942404 0.0125152 0.0376224
17592.63 3.6931641 0.0805141 3.6102423 0.1733868 0.0117011 0.0294774
17616.61 3.4345160 0.0831345 3.3426033 0.1891461 0.0122202 0.0218312
